861
860
859
859
858
858
857
856
856
855
854
852
851
850
849
848
847
847
846
846
845
844
844
843
842
841
840
839
838
837
836
835
834
834
834
833
832
831
830
829
829
828
828
827
826
825
825
825
825
824
823
823
822
820
819
818
818
817
817
816
815
815
814
813
812
811
810
809
808
807
806
805
804
803
802
801
800
799
798
797
796
795
794
794
793
792
791
790
789
788
787
787
786
786
785
784
783
782
781
781
781
780
779
778
777
777
777
777
776
775
774
773
773
772
771
770
769
769
769
768
767
766
765
764
764
764
764
763
762
762
761
760
760
759
758
758
757
757
756
755
755
755
754
752
752
751
750
749
749
749
748
748
747
747
746
745
744
743
742
741
740
739
738
737
737
736
735
734
733
732
732
731
731
731
729
729
728
727
727
726
725
724
723
722
721
719
718
717
716
715
714
713
713
712
711
710
709
708
707
706
705
704
703
702
701
700
699
698
697
697
697
697
696
696
695
694
693
693
692
691
690
689
688
687
686
685
684
683
682
681
681
680
680
680
680
679
679
678
678
677
676
675
674
673
672
671
670
669
668
667
667
666
665
665
664
663
661
660
659
658
657
656
655
654
653
652
652
650
649
649
648
648
646
645
644
643
642
641
641
637
636
635
634
633
632
631
631
630
629
628
627
627
626
625
624
623
622
621
621
620
620
619
618
618
618
617
616
616
615
614
613
613
612
611
610
609
609
609
609
606
604
603
602
602
601
600
599
599
598
598
597
597
596
595
595
594
593
592
591
590
589
589
588
587
587
587
587
586
586
583
582
581
580
575
575
